[header]
width=30
height=10
tilewidth=16
tileheight=16
orientation=orthogonal

[tilesets]
tileset=CS3113/project_template/Xcode/NYUCodebase/arne_sprites.png,16,16,0,0

[layer]
type=Tile Layer 1
data=
0,0,0,0,0,0,0,0,0,0,0,0,0,0,0,0,0,0,0,0,0,0,0,0,0,0,0,0,0,0,
0,0,0,0,0,0,0,0,0,0,0,0,0,0,0,0,0,0,0,0,0,0,0,0,0,0,0,0,0,0,
0,0,0,0,0,0,0,0,0,0,0,0,0,0,0,0,0,0,0,0,0,0,0,0,0,0,0,0,0,0,
0,0,0,0,0,0,0,0,0,0,0,0,0,0,0,0,0,0,0,0,0,0,0,0,0,0,0,0,0,0,
2,2,2,2,2,2,6,0,0,0,0,0,6,0,0,0,0,0,0,0,0,0,0,0,0,0,0,0,0,0,
34,34,34,34,34,34,0,0,0,0,6,0,0,0,0,0,0,0,4,0,0,4,0,0,0,0,0,0,0,0,
34,34,34,34,34,34,0,0,6,0,0,0,0,0,6,0,0,0,4,4,4,4,0,2,2,2,2,2,2,2,
34,34,34,34,34,34,0,0,0,0,0,0,0,0,0,0,6,0,0,0,0,0,0,34,35,35,34,34,35,34,
34,34,34,34,34,34,0,0,0,0,0,0,0,0,0,0,0,0,0,0,0,0,0,35,35,35,35,35,35,35,
33,33,33,33,33,33,0,0,0,0,0,0,0,0,0,0,0,0,0,0,0,0,0,33,33,33,33,33,33,33

[Object Layer 1]
# enemy
type=enemy
location=19,5,1,1

[Object Layer 1]
# player
type=player
location=0,3,1,1

